[2.44]
[8.22]
[6.60]
[4.60]
[1.26]
[0.23]
[8.58]
[4.31]
[2.27]
[7.43]
[5.56]
[8.39]
[4.13]
[3.40]
[5.52]
[5.52]
[9.23]
[2.23]
[3.20]
[3.50]
[7.58]
[0.45]
[8.57]
[6.50]
[2.47]
[0.33]
[8.13]
[7.27]
[0.48]
[2.26]
[0.17]
[1.30]
[5.42]
[1.56]
[2.60]
[4.51]
[0.42]
[0.26]
[0.18]
[5.14]
[2.39]
[8.30]
[1.22]
[5.48]
[3.36]
[3.57]
[3.35]
[6.35]
[8.60]
[0.52]
[4.38]
[8.27]
[3.12]
[4.16]
[5.48]
[7.44]
[2.27]
[7.16]
[7.55]
[0.38]
[8.60]
[7.14]
[5.46]
[1.19]
[8.34]
[2.53]
[8.45]
[3.19]
[8.34]
[9.22]
[0.44]
[7.16]
[8.36]
[9.23]
[1.13]
[7.11]
[8.44]
[5.12]
[6.31]
[7.47]
[2.32]
[0.43]
[6.56]
[6.50]
[8.16]
[2.18]
[3.26]
[1.15]
[7.40]
[4.19]
[6.39]
[1.27]
[6.49]
[9.14]
[5.43]
[5.55]
[2.18]
[3.40]
[1.31]
[5.33]
[9.29]
[9.37]
[2.32]
[0.55]
[4.41]
[0.58]
[5.15]
[8.11]
[0.48]
[3.51]
[4.60]
[7.26]
[5.36]
[1.29]
[9.40]
[8.26]
[2.18]
[9.33]
[0.32]
[2.25]
[0.59]
[2.49]
[0.55]
[1.40]
[1.20]
[4.29]
[7.46]
[1.45]
[8.20]
[6.42]
[0.35]
[6.31]
[3.34]
[9.19]
[7.56]
[8.45]
[7.41]
[5.21]
[8.38]
[4.55]
[6.14]
[3.55]
[5.32]
[7.24]
[4.46]
[8.51]
[7.12]
[2.34]
[7.22]
[8.22]
[0.43]
[8.21]
[4.32]
[3.55]
[3.19]
[3.21]
[7.16]
[9.11]
[7.42]
[3.26]
[1.44]
[2.11]
[4.22]
[0.58]
[6.14]
[5.39]
[4.17]
[3.59]
[4.41]
[5.22]
[6.18]
[7.45]
[0.42]
[5.16]
[7.35]
[8.38]
[4.35]
[5.24]
[3.12]
[5.10]
[1.34]
[3.29]
[9.46]
[6.57]
[3.60]
[9.28]
[8.33]
[3.58]
[7.18]
[7.26]
[1.32]
[7.53]
[9.35]
[8.26]
[4.47]
[3.36]
[4.13]
[0.47]
[3.55]
[5.50]
[0.54]
[2.52]
[7.27]
[0.44]
[9.52]
[9.60]
[2.26]
[2.15]
[9.34]
[9.15]
[1.53]
[8.27]
[0.47]
[8.23]
[9.10]
[3.51]
[2.37]
[6.15]
[1.58]
[4.57]
[0.41]
[5.59]
[0.57]
[3.52]
[8.32]
[5.35]
[6.11]
[1.21]
[3.11]
[9.49]
[0.33]
[5.13]
[1.31]
[4.25]
[8.41]
[3.32]
[3.13]
[3.48]
[9.26]
[0.37]
[5.31]
[7.60]
[8.23]
[4.42]
[2.11]
[6.40]
[4.40]
[8.47]
[4.39]
[5.32]
[6.48]
[7.51]
[6.13]
[2.47]
[2.49]
[5.18]
[3.55]
[7.54]
[2.44]
[5.27]
[0.32]
[7.35]
[0.44]
[2.25]
[6.41]
[2.44]
[3.21]
[3.13]
[4.10]
[2.28]
[0.30]
[7.24]
[2.57]
[6.19]
[1.34]
[6.50]
[6.58]
[3.47]
[6.43]
[0.19]
[4.59]
[9.12]
[0.52]
[2.20]
[1.49]
[0.18]
[4.53]
[0.29]
[3.25]
[7.10]
[8.23]
[5.25]
[3.52]
[0.26]
[3.56]
[9.52]
[0.58]
[6.43]
[2.48]
[0.50]
[9.10]
[6.40]
[9.41]
[3.42]
[9.29]
[4.18]
[4.21]
[0.12]
[4.41]
[4.35]
[5.21]
[0.55]
[7.15]
[2.34]
[3.58]
[2.22]
[7.60]
[4.25]
[8.59]
[2.29]
[8.17]
[6.40]
[8.53]
[1.50]
[0.18]
[1.27]
[7.51]
[6.13]
[0.38]
[3.50]
[0.48]
[3.15]
[2.18]
[5.59]
[8.43]
[3.36]
[8.44]
[7.29]
[9.60]
[1.36]
[2.53]
[2.20]
[0.31]
[3.47]
[3.31]
[9.27]
[5.52]
[0.53]
[2.20]
[5.23]
[2.18]
[8.55]
[2.32]
[1.51]
[2.40]
[0.28]
[1.23]
[0.55]
[6.54]
[8.44]
[6.42]
[9.32]
[5.50]
[8.49]
[3.47]
[6.33]
[3.27]
[0.58]
[8.16]
[8.13]
[9.40]
[1.14]
[5.18]
[9.48]
[3.11]
[6.42]
[1.48]
[9.28]
[0.19]
[2.37]
[0.59]
[4.45]
[5.12]
[4.15]
[3.15]
[0.60]
[6.46]
[1.56]
[8.38]
[5.40]
[1.37]
[9.33]
[6.29]
[7.30]
[3.37]
[4.41]
[4.60]
[5.56]
[3.39]
[6.17]
[5.44]
[6.33]
[1.17]
[8.28]
[2.20]
[8.56]
[8.33]
[4.49]
[9.23]
[7.46]
[5.56]
[5.47]
[7.15]
[1.11]
[9.11]
[8.51]
[2.17]
[3.17]
[8.27]
[0.26]
[4.21]
[8.14]
[0.27]
[5.57]
[7.57]
[9.20]
[6.27]
[7.52]
[1.22]
[2.53]
[2.58]
[2.47]
[3.53]
[3.14]
[7.53]
[6.30]
[3.21]
[0.50]
[2.38]
[9.29]
[9.57]
[5.39]
[1.20]
[4.27]
[4.27]
[1.22]
[2.36]
[3.28]
[6.15]
[7.10]
[3.14]
[2.32]
[4.13]
[3.25]
[4.46]
[4.38]
[3.51]
[2.27]
[7.58]
[5.17]
[8.36]
[1.24]
[6.60]
[8.22]
[0.10]
[7.35]
[8.19]
[1.39]
[3.18]
[2.58]
[7.14]
[1.31]
[0.12]
[0.20]
[8.22]
[6.19]
[7.36]
[9.34]
[5.56]
[0.19]
[4.57]
[5.12]
[6.53]
[8.29]
[2.44]
[7.45]
[3.33]
[9.52]
[4.31]
[9.44]
[9.32]
[0.24]
[6.11]
[3.44]
[4.22]
[3.27]
[6.15]
[9.14]
[4.48]
[7.59]
[4.23]
[2.22]
[5.37]
[5.51]
[4.53]
[6.23]
[9.32]
[7.45]
[3.10]
[2.11]
[5.29]
[8.39]
[4.31]
[2.54]
[1.19]
[2.21]
[9.24]
[4.47]
[4.25]
[1.14]
[4.55]
[9.31]
[9.10]
[4.40]
[1.24]
[6.50]
[2.44]
[9.38]
[8.41]
[9.19]
[2.16]
[5.44]
[8.26]
[5.24]
[3.47]
[8.31]
[7.25]
[1.32]
[7.29]
[1.43]
[3.43]
[5.19]
[3.58]
[9.18]
[1.57]
[4.23]
[9.57]
[7.20]
[6.44]
[9.48]
[7.19]
[6.10]
[3.54]
[2.50]
[6.17]
[5.42]
[3.48]
[0.34]
[6.52]
[2.32]
[4.39]
[3.49]
[6.14]
[9.54]
[4.14]
[8.41]
[9.39]
[8.52]
[7.31]
[4.35]
[3.38]
[5.35]
[0.51]
[3.36]
[4.47]
[3.40]
[0.53]
[0.25]
[9.36]
[3.11]
[5.30]
[4.35]
[5.16]
[2.33]
[0.41]
[3.30]
[7.36]
[7.34]
[9.43]
[7.21]
[2.11]
[8.14]
[9.30]
[8.19]
[0.20]
[0.30]
[4.52]
[6.57]
[0.20]
[1.17]
[4.58]
[8.27]
[9.12]
[0.32]
[4.11]
[0.20]
[9.36]
[9.42]
[6.44]
[3.34]
[7.17]
[2.10]
[9.14]
[5.18]
[0.33]
[9.24]
[4.40]
[6.41]
[2.40]
[2.23]
[4.50]
[0.10]
[8.18]
[2.48]
[7.56]
[2.47]
[3.15]
[5.52]
[0.13]
[7.25]
[8.22]
[8.31]
[7.19]
[0.24]
[1.43]
[0.60]
[5.30]
[8.32]
[2.44]
[6.36]
[5.28]
[3.20]
[2.28]
[8.33]
[8.17]
[6.37]
[8.26]
[1.44]
[8.20]
[2.10]
[3.40]
[1.21]
[7.47]
[0.39]
[8.39]
[9.60]
[5.56]
[5.59]
[2.35]
[4.21]
[6.56]
[7.45]
[4.28]
[6.16]
[3.50]
[8.56]
[8.14]
[7.22]
[1.59]
[8.26]
[2.24]
[1.56]
[7.30]
[9.13]
[7.33]
[4.22]
[8.51]
[7.58]
[4.41]
[4.35]
[1.47]
[2.12]
[1.25]
[3.56]
[2.34]
[6.18]
[2.22]
[2.14]
[0.25]
[2.43]
[0.58]
[2.40]
[4.51]
[8.20]
[1.30]
[1.29]
[2.22]
[5.43]
[8.47]
[0.41]
[1.33]
[7.12]
[8.46]
[4.16]
[3.46]
[7.54]
[4.57]
[7.26]
[5.20]
[0.47]
[3.58]
[2.36]
[9.46]
[1.54]
[0.55]
[9.10]
[8.21]
[4.17]
[4.26]
[7.11]
[5.28]
[7.31]
[1.41]
[5.38]
[3.35]
[0.58]
[8.42]
[1.11]
[3.57]
[0.15]
[4.42]
[9.47]
[1.48]
[2.39]
[5.13]
[5.57]
[7.57]
[5.33]
[4.20]
[3.46]
[2.29]
[9.57]
[9.59]
[9.39]
[4.58]
[6.35]
[6.25]
[9.40]
[6.31]
[9.53]
[5.50]
[8.60]
[6.45]
[0.42]
[6.25]
[9.31]
[5.15]
[0.56]
[0.19]
[9.51]
[3.43]
[9.15]
[1.16]
[3.57]
[4.31]
[1.16]
[2.27]
[3.24]
[5.29]
[5.30]
[9.24]
[8.37]
[0.59]
[6.55]
